tree
version=v4
num_class=1
num_tree_per_iteration=1
label_index=0
max_feature_idx=10
objective=regression
feature_names=consensus_z upside_z rating_mom_7d rating_mom_30d target_revision_30d inst_flow_13f insider_net_buy_90d price_mom_5d price_mom_21d price_mom_63d risk_penalty
feature_infos=[-0.42857142857142855:1.056338028169014] [-0.36308208081711313:97.631487360376255] [-8:2.75] [-8:3] [-0.51499852417579794:0.86206896551724155] [-0.94999999999999996:5] [-653017053.01679993:9999985] [-0.48704922372874948:1.0163748968604644] [-0.71891893285134123:1.1436056679689468] [-0.91416930979106659:2.161403694869048] [-1.5946571105528466:-0.037558742392443049]
tree_sizes=2974 3000 2974 2972 2969 2991 2987 2972 2974 2983 2976 2991 3002

Tree=0
num_leaves=31
num_cat=0
split_feature=10 7 8 5 5 7 7 10 10 0 9 0 8 10 10 9 0 6 6 7 0 1 8 10 10 4 10 6 8 4
split_gain=0.531494 0.449785 0.246797 0.198291 0.355223 0.25354 0.22178 0.195716 0.189885 0.219793 0.159803 0.149146 0.14584 0.141492 0.144401 0.124421 0.12141 0.119181 0.208238 0.117379 0.171939 0.102539 0.118178 0.231564 0.0995899 0.0941817 0.0926007 0.080791 0.159266 0.0794804
threshold=-1.4107358233296681 -0.067575437652170708 -0.34894785736526379 0.0055440877436846786 -0.017844720855715618 0.08132645061766898 -0.01409999380792548 -0.97223418877815726 -0.51737297603298626 0.6195238095238097 -0.061757042542710465 -0.074175824175824162 -0.13810669114429044 -1.0625698066009766 -0.96228029844076579 -0.2484686785138204 -0.1742424242424242 -3887401.3989499998 -5354669.440849999 0.054508075560162246 0.063508064516129045 0.65202208117189986 -0.14185392029465591 -0.90833795754422553 -0.98433365936805339 0.0023723741589282148 -0.85034047364953891 -21271581.090899996 0.02600099493799202 0.019351454922302284
decision_type=2 2 2 2 2 2 2 2 2 2 2 2 2 2 2 2 2 2 2 2 2 2 2 2 2 2 2 2 2 2
left_child=2 8 -1 4 6 13 12 -5 9 11 -7 -2 25 -6 -15 -11 -8 18 -12 26 -21 22 23 -13 -17 -3 -9 28 -16 -29
right_child=1 3 -4 7 5 10 16 19 -10 15 17 21 -14 14 27 24 -18 -19 -20 20 -22 -23 -24 -25 -26 -27 -28 29 -30 -31
leaf_value=-0.0087218818388149731 -0.0024830910042872895 0.00072607709039222647 -0.0027942208838842961 -0.00307442430984721 -0.00317813781664212 0.0024471215107466191 0.0008888249707152382 0.00086941093132976812 -0.00051593484830348422 0.0049367051695136934 0.0006433846526862386 0.0062456192133224587 -0.0004935841864664763 0.0035737674853261983 0.0032992894043607879 -0.00064751419463870313 -0.0012093555596124827 -0.00025808679428186655 0.0063774721315627324 0.0012017133045950489 -0.0022065987510457474 -0.0009009508884784633 0.00034684331062593708 0.00098432324354381885 0.0023993227551271311 0.0045771240783420725 -0.00088079462274869491 -0.0003174715251117136 -0.0004360513568109842 -0.0015858760729065224
leaf_weight=25 42 77 59 116 43 127 71 79 313 38 76 29 1231 24 45 34 2383 231 20 42 311 82 186 75 127 20 1743 2472 78 130
leaf_count=25 42 77 59 116 43 127 71 79 313 38 76 29 1231 24 45 34 2383 231 20 42 311 82 186 75 127 20 1743 2472 78 130
internal_value=-0.000597393 -0.000564917 -0.00455841 -0.00066935 -0.000537666 -0.000153966 -0.000866986 -0.00107331 0.000486067 0.000997693 0.000941879 0.000341286 -0.0003465 -0.000332159 -0.000287642 0.00236328 -0.00114865 0.000357274 0.00183799 -0.000966585 -0.00180108 0.000660167 0.00110159 0.00245142 0.00175589 0.00152011 -0.000804908 -0.00032165 0.000930537 -0.000380843
internal_weight=10329 10245 84 9319 7028 3246 3782 2291 926 613 454 414 1328 2792 2749 199 2454 327 96 2175 353 372 290 104 161 97 1822 2725 123 2602
internal_count=10329 10245 84 9319 7028 3246 3782 2291 926 613 454 414 1328 2792 2749 199 2454 327 96 2175 353 372 290 104 161 97 1822 2725 123 2602
is_linear=0
shrinkage=1


Tree=1
num_leaves=31
num_cat=0
split_feature=10 7 10 0 8 4 9 5 5 7 9 4 4 10 9 1 0 10 7 10 8 0 7 8 10 10 4 10 3 10
split_gain=0.479673 0.412384 0.344546 0.258136 0.222734 0.207041 0.285049 0.185013 0.408481 0.231298 0.16184 0.149736 0.288764 0.14838 0.143218 0.132894 0.113573 0.109626 0.108985 0.0962308 0.143644 0.0938111 0.116721 0.0914827 0.0824159 0.0988472 0.0813151 0.112786 0.124064 0.080515
threshold=-1.4107358233296681 -0.040788336179834454 -0.48103724943458737 0.27681992337164757 -0.34894785736526379 0.0015181917105852041 -0.28839823907227197 0.0055440877436846786 -0.015095347534958335 0.074845063844460005 -0.061757042542710465 -1.0000000180025095e-35 -0.020181605756122264 -0.97223418877815726 0.13092939155545349 0.0035996217713213379 -0.2071428571428571 -1.1505824259339104 0.04002823439630377 -0.79281054901230941 -0.036240538425476691 0.0930735930735931 0.043648098763000916 -0.27201844666167085 -1.047673349716977 -0.89819450721303673 -0.04232934947116556 -0.72340821520564269 -1.0000000180025095e-35 -0.45330797834709324
decision_type=2 2 2 2 2 2 2 2 2 2 2 2 2 2 2 2 2 2 2 2 2 2 2 2 2 2 2 2 2 2
left_child=4 2 3 15 -1 11 -7 8 16 24 -11 12 -5 -9 -13 -2 -3 -17 -18 20 23 -15 -23 -19 -10 -26 -20 28 -28 -24
right_child=1 7 -4 5 -6 6 -8 13 9 10 -12 14 -14 21 -16 17 18 19 26 -21 -22 22 29 -25 25 -27 27 -29 -30 -31
leaf_value=-0.0077182476576417693 0.0033342241865372464 0.0014770401685737164 -7.2418954672078448e-05 -5.2489826603877271e-05 -0.0020869698069626622 0.0080817378341005407 0.0024646447813718754 -0.0023965438298296695 -0.0022371560850208911 0.0028848883009218763 0.00086943683612712231 0.00037157198498435348 0.0052994046119531086 0.00031523652186449502 0.0025385654363199138 -0.0021982581500196831 -0.00026449047216453754 0.00028292828370840887 0.0017539587968852946 -0.00059046328714356527 -0.0014772232285193039 -0.00035874782886008319 -0.0017508038563857358 0.003355030823604466 0.003694053873464111 0.00024839075643414625 0.0012192527259825372 -0.00061087115022806331 -0.0024622053415241777 -5.5744552553412236e-06
leaf_weight=25 31 82 840 44 59 26 172 102 33 138 358 321 59 339 100 52 2656 39 26 148 36 1198 297 64 21 2352 26 409 191 85
leaf_count=25 31 82 840 44 59 26 172 102 33 138 358 321 59 339 100 52 2656 39 26 148 36 1198 297 64 21 2352 26 409 191 85
internal_value=1.63764e-08 3.08694e-05 0.000688891 0.00127451 -0.00376295 0.00182483 0.00320224 -0.00012206 1.16249e-05 0.000447049 0.00143019 0.00130436 0.00301316 -0.000538261 0.000886297 0.000200646 -0.000361119 -8.59052e-05 -0.000406684 0.000296821 0.00124155 -0.000439488 -0.000601419 0.00219181 0.000244374 0.000278883 -0.000985926 -0.00109972 -0.00202111 -0.00136247
internal_weight=10329 10245 1932 1092 84 722 198 8313 6292 2902 496 524 103 2021 421 370 3390 339 3308 287 139 1919 1580 103 2406 2373 652 626 217 382
internal_count=10329 10245 1932 1092 84 722 198 8313 6292 2902 496 524 103 2021 421 370 3390 339 3308 287 139 1919 1580 103 2406 2373 652 626 217 382
is_linear=0
shrinkage=0.05


Tree=2
num_leaves=31
num_cat=0
split_feature=10 8 8 9 6 5 5 10 0 10 1 10 8 10 8 10 5 10 3 6 8 5 10 1 0 0 10 1 6 9
split_gain=0.432905 0.279789 0.201018 0.143122 0.321178 0.126629 0.257048 0.292789 0.274173 0.157067 0.117152 0.123329 0.235407 0.116366 0.113552 0.145783 0.106005 0.0868863 0.154292 0.101242 0.11566 0.0911464 0.135189 0.106612 0.187451 0.120013 0.0810555 0.0806176 0.156078 0.162373
threshold=-1.4107358233296681 -0.14185392029465591 -0.34894785736526379 -0.23123219785831875 -1705246.9451499998 0.0055440877436846786 -0.00013599212226465384 -0.51737297603298626 0.40682870370370378 -0.54663251040783167 -0.12713269726800727 -0.98433365936805339 0.089805850590476979 -0.97223418877815726 -0.34894785736526379 -0.98433365936805339 0.0055440877436846786 -0.48103724943458737 1.1250000000000002 -86883228.917869985 0.12892914748973885 -0.2213126087388548 -0.78721690957368884 0.081181332981689738 0.62213156552779203 0.67470930232558157 -0.73084304926617383 0.25608394982670474 -1.0000000180025095e-35 -0.2484686785138204
decision_type=2 2 2 2 2 2 2 2 2 2 2 2 2 2 2 2 2 2 2 2 2 2 2 2 2 2 2 2 2 2
left_child=2 3 -1 4 -2 6 10 8 27 -10 26 12 -12 -7 -6 -16 -5 18 19 20 -13 -21 -23 -24 -25 -26 -3 -8 -29 -30
right_child=1 5 -4 16 14 13 7 -9 9 -11 11 17 -14 -15 15 -17 -18 -19 -20 21 -22 22 23 24 25 -27 -28 28 29 -31
leaf_value=-0.0073323356956243521 0.0050835546835636099 0.0042346689522012393 -0.0019826213339880364 0.00089534141551264276 -0.0015546476701274515 -0.0017223220438336902 0.0013879265609787828 0.00019534771011354399 0.002185487744677922 0.0057938504924199413 -0.00018922480537892424 0.0022633635016379174 -0.004160885822248498 -0.0002697599544281318 0.004613043896097224 0.00088637899279789137 -0.00082384722869234593 -0.00033684373154687329 0.0045102974260225895 -0.00051066809553060094 -0.0012406179707707657 -0.00090373361451466657 -0.00054500616165975915 0.00043243893028900517 0.006243184686865702 0.0020703369327444913 0.00074932212288410455 0.0019340684082596862 0.0024259720323607328 -0.0026374127360596551
leaf_weight=25 60 22 59 305 37 147 107 2355 218 35 108 98 57 2222 31 171 127 2621 20 579 31 165 123 277 21 96 69 47 20 76
leaf_count=25 60 22 59 305 37 147 107 2355 218 35 108 98 57 2222 31 171 127 2621 20 579 31 165 123 277 21 96 69 47 20 76
internal_value=1.55615e-08 2.93259e-05 -0.0035748 0.00097198 0.00181293 -4.31021e-05 6.19335e-05 0.000429234 0.00152427 0.00268467 -0.000182933 -0.000221426 -0.00156125 -0.000359894 0.000991854 0.00145829 0.000389932 -0.000166583 0.00014991 8.71702e-05 0.00142132 -4.93131e-05 0.000342365 0.000740056 0.00114123 0.00281931 0.00159193 0.000349942 -0.000426732 -0.00158254
internal_weight=10329 10245 84 731 299 9514 7145 2858 503 253 4287 4196 165 2369 239 202 432 4031 1410 1390 129 1261 682 517 394 117 91 250 143 96
internal_count=10329 10245 84 731 299 9514 7145 2858 503 253 4287 4196 165 2369 239 202 432 4031 1410 1390 129 1261 682 517 394 117 91 250 143 96
is_linear=0
shrinkage=0.05


Tree=3
num_leaves=31
num_cat=0
split_feature=10 7 10 0 8 4 9 4 8 4 4 9 1 4 10 10 8 0 4 10 3 8 0 7 1 6 8 1 7 6
split_gain=0.390697 0.367562 0.303412 0.224437 0.181418 0.180035 0.248265 0.140273 0.165726 0.132043 0.254396 0.128153 0.11753 0.0958721 0.09509 0.0882816 0.123399 0.085384 0.0763702 0.0844806 0.180373 0.143671 0.209328 0.138591 0.198547 0.138464 0.114847 0.100805 0.11752 0.0974095
threshold=-1.4107358233296681 -0.040788336179834454 -0.48103724943458737 0.27681992337164757 -0.34894785736526379 0.0015181917105852041 -0.28839823907227197 0.0018438518152391616 0.15141291558555328 -1.0000000180025095e-35 -0.020181605756122264 0.13092939155545349 0.0035996217713213379 0.10477129775529416 -1.1505824259339104 -0.79281054901230941 -0.0019750233764370124 0.75741063644289464 -0.00039437079658899416 -0.65431314211978209 -1.3749999999999998 -0.0026891447505395512 0.76095238095238105 0.12165444952362971 0.13908765371758294 -5354669.440849999 0.14583292636084424 -0.058749946110153488 0.25566381927142529 -2281458.8899999997
decision_type=2 2 2 2 2 2 2 2 2 2 2 2 2 2 2 2 2 2 2 2 2 2 2 2 2 2 2 2 2 2
left_child=4 2 3 12 -1 9 -7 18 13 10 -5 -11 -2 -9 -14 16 -16 -15 -3 20 26 23 27 29 -25 -24 -20 -23 -29 -22
right_child=1 7 -4 5 -6 6 -8 8 -10 11 -12 -13 14 17 15 -17 -18 -19 19 -21 21 22 25 24 -26 -27 -28 28 -30 -31
leaf_value=-0.0069657187685370457 0.0031442053586004243 -0.00043716743967391807 -6.5328740921099127e-05 -4.6326694163409144e-05 -0.0018834902040198668 0.0075500190902787912 0.0023078637856849319 -0.00046106298951650897 -0.0018509143629254197 0.00034695982993586752 0.0049770022000549209 0.0023968124983366583 -0.0020394815458880311 9.2718660971513608e-05 0.0020038754110241956 -0.00056554993576798083 -0.0015350022040365729 0.0029346376660470972 0.00028312523630732783 0.00014976251693751282 0.00079032042044940788 0.00051657306724799828 -0.0010744099012719324 -0.002170669546087637 0.0031839753893187408 0.0028832807804385942 0.0039735853118268221 -0.0019822657561779067 0.00093129169966376052 -0.00086894418933592646
leaf_weight=25 31 918 840 44 59 26 172 1336 207 321 59 100 52 82 107 148 32 39 49 4590 136 57 39 23 70 51 37 388 38 253
leaf_count=25 31 918 840 44 59 26 172 1336 207 321 59 100 52 82 107 148 32 39 49 4590 136 57 39 23 70 51 37 388 38 253
internal_value=1.47769e-08 2.78596e-05 0.000649093 0.00119865 -0.00339606 0.00171179 0.00299623 -0.000116519 -0.000527083 0.00122645 0.00283111 0.000833861 0.000197326 -0.000339002 -7.21529e-05 0.000284297 0.00118917 0.00100871 -1.37706e-05 5.40498e-05 -0.000330982 -0.000510471 -0.00104562 0.000125713 0.00185971 0.00116828 0.00187088 -0.00145815 -0.00172237 -0.000288841
internal_weight=10329 10245 1932 1092 84 722 198 8313 1664 524 103 421 370 1457 339 287 139 121 6649 5731 1141 1055 573 482 93 90 86 483 426 389
internal_count=10329 10245 1932 1092 84 722 198 8313 1664 524 103 421 370 1457 339 287 139 121 6649 5731 1141 1055 573 482 93 90 86 483 426 389
is_linear=0
shrinkage=0.05


Tree=4
num_leaves=31
num_cat=0
split_feature=1 7 6 5 5 7 9 7 3 0 7 1 6 8 9 9 7 6 1 0 0 6 6 9 4 8 0 1 8 0
split_gain=0.339862 0.331366 0.172596 0.149826 0.340755 0.184884 0.139831 0.130959 0.116189 0.114941 0.12221 0.112773 0.126658 0.160229 0.147442 0.112137 0.0936883 0.0905168 0.0924868 0.0905144 0.0899073 0.0891098 0.0836229 0.116487 0.0767768 0.0709566 0.0681992 0.0674273 0.0660018 0.0692177
threshold=2.8117192253749659 -0.040788336179834454 62055.750000000007 0.0055440877436846786 -0.015095347534958335 0.074845063844460005 -0.059724459336331685 0.072507725984753538 1.0000000180025095e-35 0.68870673952641182 -0.072425198819773592 -0.082371342179057824 -234452.99999999997 -0.18158353905277327 -0.22590556981974666 -0.37544543268669195 -0.01409999380792548 -12570604.858099999 0.4412450422827407 -0.1742424242424242 -0.1742424242424242 -1359579.8150999998 -5776964.4032999994 0.22560527317354065 0.070652308152282753 -0.012705114263289461 0.70320320320320329 0.36114215611719042 -0.066537344901124326 0.86914744933612853
decision_type=2 2 2 2 2 2 2 2 2 2 2 2 2 2 2 2 2 2 2 2 2 2 2 2 2 2 2 2 2 2
left_child=1 8 -2 4 16 -6 -7 -5 11 -10 -11 -1 13 14 26 -14 -3 -9 -19 -17 -18 22 -8 -24 -15 -26 -13 28 -22 -30
right_child=2 3 -4 7 5 6 21 17 9 10 -12 12 15 24 -16 19 20 18 -20 -21 27 -23 23 -25 25 -27 -28 -29 29 -31
leaf_value=0.003977206367594392 -0.0063744505385643462 0.00011016475336442417 -0.0014490928083314035 -0.00032847449160386855 0.00022286488029475359 0.0026126778075336943 0.00078086237129658311 -0.0038823818224149628 0.00087278731557719348 0.0062244916727090295 0.0016408943613483149 0.0058944472043281973 0.0019461167479000452 0.00047241053490941818 0.00076359377673361451 -0.0027047530070624572 0.0012660999316722156 -0.00081690769394553739 -0.0040331930294632912 -3.0612494513413621e-05 0.00045914867826338327 0.00020339202768929893 0.00086656108614988634 0.0057514771148187444 0.0038468609392807332 0.00066174965209534603 0.0022148340195417403 -0.0013420990143952053 -0.00059729568015105545 0.00083652474535152914
leaf_weight=23 29 886 46 1753 2397 141 72 35 99 26 33 34 70 703 50 33 71 211 25 770 182 242 23 26 34 36 20 236 1935 88
leaf_count=23 29 886 46 1753 2397 141 72 35 99 26 33 34 70 703 50 33 71 211 25 770 182 242 23 26 34 36 20 236 1935 88
internal_value=1.40434e-08 2.45429e-05 -0.00335356 -0.000112365 7.8874e-06 0.000405897 0.00127639 -0.000486609 0.000614643 0.00191387 0.00366078 0.000498863 0.000453148 0.000877547 0.00272007 2.68038e-05 -0.000331908 -0.00150952 -0.00115762 -0.000140509 -0.00048783 0.000757334 0.00186522 0.00345856 0.000629652 0.0022088 0.00453163 -0.000538846 -0.000452874 -0.000534925
internal_weight=10329 10254 75 8323 6299 2901 504 2024 1931 158 59 1773 1750 877 104 873 3398 271 236 803 2512 363 121 49 773 70 54 2441 2205 2023
internal_count=10329 10254 75 8323 6299 2901 504 2024 1931 158 59 1773 1750 877 104 873 3398 271 236 803 2512 363 121 49 773 70 54 2441 2205 2023
is_linear=0
shrinkage=0.05


Tree=5
num_leaves=31
num_cat=0
split_feature=10 7 10 0 5 5 10 1 10 8 4 4 4 1 7 7 10 8 9 8 5 10 1 10 5 9 0 4 0 5
split_gain=0.333289 0.317411 0.258304 0.241303 0.138373 0.210119 0.184627 0.179439 0.126346 0.122489 0.121786 0.141585 0.156056 0.113829 0.194304 0.104868 0.125143 0.104461 0.103526 0.103412 0.103349 0.109254 0.104964 0.0969658 0.0901336 0.0895388 0.0872581 0.0838496 0.0827651 0.0802884
threshold=-1.4107358233296681 -0.040788336179834454 -0.48103724943458737 0.45346320346320351 -0.18736097221460282 0.0055440877436846786 -0.95115901657487634 0.27300701122723042 -0.45156134932120506 -0.003621147989379125 0.00080767192421671307 -1.0000000180025095e-35 -0.0096338677867566207 0.25608394982670474 0.12165444952362971 0.031995764294948333 -0.45156134932120506 -0.34894785736526379 -0.28839823907227197 -0.064401550658127013 -1.0000000180025095e-35 -0.79281054901230941 0.2373548459959838 -1.1505824259339104 -0.14382171068744559 0.065347338129805768 0.18274582560296851 -1.0000000180025095e-35 -0.074175824175824162 -0.29617292671100398
decision_type=2 2 2 2 2 2 2 2 2 2 2 2 2 2 2 2 2 2 2 2 2 2 2 2 2 2 2 2 2 2
left_child=17 2 3 23 6 8 7 -3 13 10 11 12 -5 20 19 -7 -17 -1 -12 -15 21 28 -22 -2 -23 26 -21 -28 -6 -13
right_child=1 4 -4 9 5 15 -8 -9 -10 -11 18 29 -14 14 -16 16 -18 -19 -20 25 22 24 -24 -25 -26 -27 27 -29 -30 -31
leaf_value=-0.0057348101261865212 -0.0017136753313060776 -0.0057291157176774564 -7.5728133753680079e-05 0.0016450141221010948 0.0016823784421341353 -0.0002012666573712357 -0.00042308969291764977 -0.00058996478295219798 -8.9526967641138636e-06 0.00085130827323559469 0.0070038223732262848 0.0038221682337197388 0.0068488913923501968 0.00054901130076160927 0.0021132736648484082 -0.0014468665841592487 7.4787582574898791e-05 -0.001937366627918726 0.0030494910807950266 0.0015461926560171625 0.0013032039781982639 0.0023831425661027627 0.0047811458509860807 0.00057191778666077604 0.00042293665666683062 -0.0023572607456213411 0.0020603557172580622 -0.0014006430333266249 -0.0014778008511034297 0.00058347572348608004
leaf_weight=27 51 33 837 34 26 1359 1578 35 3185 198 20 22 25 174 91 440 195 55 96 44 382 77 23 515 246 85 20 140 102 147
leaf_count=27 51 33 837 34 26 1359 1578 35 3185 198 20 22 25 174 91 440 195 55 96 44 382 77 23 515 246 85 20 140 102 147
internal_value=-1.28338e-05 1.27401e-05 0.000587226 0.00108803 -0.000122946 -2.0506e-05 -0.000533016 -0.00308396 0.000165494 0.00184206 0.00241232 0.00174128 0.00385005 0.000559545 1.11602e-06 -0.000449127 -0.000979587 -0.00318774 0.00373127 -0.000414016 0.000920959 0.000400334 0.00150072 0.000365972 0.00089023 -0.000993833 -0.000425737 -0.000968018 -0.000835889 0.00100508
internal_weight=10262 10180 1945 1108 8235 6589 1646 68 4595 542 344 228 59 1410 554 1994 635 82 116 463 856 451 405 566 323 289 204 160 128 169
internal_count=10262 10180 1945 1108 8235 6589 1646 68 4595 542 344 228 59 1410 554 1994 635 82 116 463 856 451 405 566 323 289 204 160 128 169
is_linear=0
shrinkage=0.05


Tree=6
num_leaves=31
num_cat=0
split_feature=1 7 9 4 5 5 7 8 3 1 6 8 8 7 0 5 0 8 0 5 0 6 1 0 1 5 1 7 0 9
split_gain=0.28624 0.287615 0.131597 0.253598 0.123681 0.190283 0.125038 0.111746 0.101523 0.106759 0.132001 0.101379 0.0968837 0.0964021 0.0964818 0.0859577 0.116796 0.105291 0.0774943 0.0774889 0.0768002 0.0713472 0.136932 0.070883 0.0897339 0.0651454 0.0726411 0.0636166 0.0630648 0.0620902
threshold=2.8117192253749659 -0.040788336179834454 -0.30494775025882642 0.0023723741589282148 -0.18736097221460282 0.0055440877436846786 0.25566381927142529 0.11780191329645319 1.0000000180025095e-35 -0.082371342179057824 -166371.99999999997 -0.34894785736526379 0.025010638348232698 0.031995764294948333 0.0930735930735931 -0.00013599212226465384 0.40192307692307699 0.22047058639580022 0.85504201680672276 -0.14382171068744559 -0.1742424242424242 -5174241.3199999994 0.092911395988538273 0.73385416666666681 0.13790270189491241 -0.2997813320070904 0.4412450422827407 0.0054617162830681307 -0.28991596638655454 0.0016942588323666243
decision_type=2 2 2 2 2 2 2 2 2 2 2 2 2 2 2 2 2 2 2 2 2 2 2 2 2 2 2 2 2 2
left_child=1 2 3 12 27 6 15 -8 9 -4 25 -2 -1 -7 -15 19 -17 18 21 -6 -12 22 -18 24 -10 -11 -27 -3 -29 -16
right_child=11 4 8 -5 5 13 7 -9 23 10 20 -13 -14 14 29 16 17 -19 -20 -21 -22 -23 -24 -25 -26 26 -28 28 -30 -31
leaf_value=0.0014493634398306974 -0.0056252241647318721 -0.00018903461579857753 0.0035989807613077576 0.0058212314688717015 0.0004650110671023226 -0.00019120332132240383 0.004507756225188308 -3.6698808738340938e-05 -0.0012375714994656544 0.001760079197475087 -0.0029217274214785836 -0.0017486116960450698 -0.0018907428747043016 0.0003484607915572055 -0.0019468297595167364 0.00010562161099308357 0.0041648552201007513 0.0041125599624744309 -0.00066119111364715483 -0.0002851795341568123 -0.00015410946332349211 0.00064170216882553229 0.00086336363713442803 0.0040177698936671594 0.0018914138352987928 0.00024164811360149758 0.0015324067273090975 0.0019632064166944475 -0.00087851231155138703 -0.0008134683888109392
leaf_weight=165 26 806 24 32 442 1359 31 24 30 118 26 48 25 119 191 1825 46 24 86 1556 698 469 99 26 97 566 135 20 820 329
leaf_count=165 26 806 24 32 442 1359 31 24 30 118 26 48 25 119 191 1825 46 24 86 1556 698 469 99 26 97 566 135 20 820 329
internal_value=-1.21921e-05 1.03135e-05 0.000557743 0.0017034 -0.000118611 -2.19069e-05 0.000154991 0.00252472 0.000409873 0.00028984 0.000238369 -0.00311066 0.00100988 -0.000429356 -0.000935851 0.000126327 0.000318797 0.000856151 0.000744503 -0.000119221 -0.000253499 0.000941392 0.00191073 0.00163923 0.00115228 0.000673183 0.000490225 -0.000506366 -0.000810852 -0.00122976
internal_weight=10262 10188 1942 222 8246 6600 4602 55 1720 1567 1543 74 190 1998 639 4547 2549 724 700 1998 724 614 145 153 127 819 701 1646 840 520
internal_count=10262 10188 1942 222 8246 6600 4602 55 1720 1567 1543 74 190 1998 639 4547 2549 724 700 1998 724 614 145 153 127 819 701 1646 840 520
is_linear=0
shrinkage=0.05


Tree=7
num_leaves=31
num_cat=0
split_feature=10 8 9 6 4 10 1 5 6 8 4 8 3 5 1 6 9 4 4 10 8 8 4 10 3 8 1 10 1 0
split_gain=0.278113 0.235344 0.130383 0.222291 0.149103 0.111083 0.179602 0.160161 0.108201 0.102477 0.0858181 0.0828323 0.0776512 0.0752561 0.0676892 0.0991585 0.0760734 0.0720081 0.0862959 0.188022 0.113828 0.0899755 0.105123 0.162114 0.0740593 0.0712913 0.0665561 0.0664215 0.0646074 0.169251
threshold=-1.4107358233296681 -0.08801580925266804 -0.22590556981974666 -1705246.9451499998 0.0023723741589282148 -0.99482063067216719 0.11667703219242699 -0.13588837972072929 -1317339.6873999997 -0.16676037746528913 0.12325856043987994 -0.34894785736526379 0.87500000000000011 -0.32414492191926364 0.56736039854282105 -52117.009499999993 -0.28839823907227197 -0.00039437079658899416 0.0018438518152391616 -0.63997236165892279 0.15141291558555328 0.19128494658382159 0.051220159068180011 -0.84441545219921832 1.0000000180025095e-35 0.2579571839423524 0.27029911419366565 -0.85782285377465473 0.098358004824461345 0.63762626262626265
decision_type=2 2 2 2 2 2 2 2 2 2 2 2 2 2 2 2 2 2 2 2 2 2 2 2 2 2 2 2 2 2
left_child=11 2 3 9 13 6 -3 26 -9 -2 12 -1 -4 -5 17 -16 -17 -7 25 21 -21 22 24 -24 -20 -19 -8 -15 -27 -30
right_child=1 5 10 4 -6 14 7 8 -10 -11 -12 -13 -14 27 15 16 -18 18 19 20 -22 -23 23 -25 -26 28 -28 -29 29 -31
leaf_value=-0.0051799095097791268 0.004962813748302413 -0.0033815042832429755 0.0001188971176839473 -0.0021859382328469879 0.0038277764412175336 -0.00050482234197453825 -0.0046247563423373952 0.0023639350037828605 -0.00040622848830786898 0.0016694953924095237 0.0034459021473248006 -0.0017983776212415912 0.0020312458692517666 0.0017395343148999256 4.0450983017809311e-05 0.0011638780144858174 -0.0021485418249638038 7.8008384146509215e-05 -9.975105482194443e-05 -0.00037303468141670085 -0.0019214603761121491 -0.00093150425056757579 0.0066372533258982 0.0015162917040630846 0.0026564474322742994 0.00033811109337793986 -0.0011116203602536449 0.00013302105276507574 0.00024866947850179193 0.0046066148033541802
leaf_weight=27 51 64 1019 26 35 718 26 47 141 44 21 55 56 92 177 20 130 5229 114 1364 130 55 20 68 31 167 28 214 56 37
leaf_count=27 51 64 1019 26 35 718 26 47 141 44 21 55 56 92 177 20 130 5229 114 1364 130 55 20 68 31 167 28 214 56 37
internal_value=-1.15825e-05 1.17788e-05 0.000577325 0.00128182 0.000723819 -9.04157e-05 -0.00102601 -0.000403067 0.000286312 0.00343749 0.000280356 -0.00291181 0.000218517 0.000396594 -5.59891e-05 -0.00076108 -0.00170689 -2.71289e-05 2.00426e-05 -0.000282273 -0.000507771 0.000887495 0.00131687 0.00268015 0.000489505 0.000118189 -0.00280313 0.000616025 0.000926288 0.00198248
internal_weight=10262 10180 1558 462 367 8622 306 242 188 95 1096 82 1075 332 8316 327 150 7989 7271 1782 1494 288 233 88 145 5489 54 306 260 93
internal_count=10262 10180 1558 462 367 8622 306 242 188 95 1096 82 1075 332 8316 327 150 7989 7271 1782 1494 288 233 88 145 5489 54 306 260 93
is_linear=0
shrinkage=0.05


Tree=8
num_leaves=31
num_cat=0
split_feature=10 7 10 0 4 8 4 4 4 1 8 6 10 10 10 8 1 1 3 6 0 9 1 1 10 7 8 0 10 3
split_gain=0.250997 0.249511 0.211999 0.205282 0.11114 0.0998422 0.100739 0.123717 0.136251 0.102441 0.0894452 0.126841 0.107202 0.0970596 0.0793192 0.0747561 0.0708361 0.104362 0.0692904 0.0634111 0.0619571 0.0711771 0.0571851 0.0571521 0.231822 0.144679 0.116741 0.0706475 0.0983007 0.0663014
threshold=-1.4107358233296681 -0.040788336179834454 -0.48103724943458737 0.45346320346320351 0.010116231413246137 -0.003621147989379125 0.00080767192421671307 -1.0000000180025095e-35 -0.0096338677867566207 0.24848215890247774 0.21413376336694381 -1.0000000180025095e-35 -0.96228029844076579 -0.59986048418184479 -1.1505824259339104 -0.34894785736526379 0.17559537484729718 0.065454633053724579 1.0000000180025095e-35 -12666484.690099997 -0.14835164835164832 -0.41235370020205586 0.55102939299677778 1.0000000180025095e-35 -0.83025670518583905 0.25566381927142529 0.10721049006377383 0.65751879699248128 -0.75300779431223697 -1.7499999999999998
decision_type=2 2 2 2 2 2 2 2 2 2 2 2 2 2 2 2 2 2 2 2 2 2 2 2 2 2 2 2 2 2
left_child=15 2 3 14 23 6 7 8 -5 -8 12 -12 -6 16 -2 -1 17 -14 20 -18 -16 22 -22 24 -3 29 -27 28 -26 -25
right_child=1 4 -4 5 10 -7 9 -9 -10 -11 11 -13 13 -15 18 -17 19 -19 -20 -21 21 -23 -24 25 27 26 -28 -29 -30 -31
leaf_value=-0.0049209139525407449 -0.0015726686479562585 -0.0026270226319505289 -8.0062729640013468e-05 0.0014851085958071054 -0.0034805004335274657 0.00077522819668914607 0.0058445536531507971 0.00088607548698278337 0.0063475728090852503 0.0024868174066411002 -0.0033624497842827134 0.00029517448297395422 -0.00022923089331015946 -0.00057713448895734259 0.0028804109517849338 -0.0017084587020111609 -0.0013791587504304269 0.0031822828529745012 0.0027861454890244792 0.0011838494998343333 0.00039325435853762819 -2.5461196035429766e-06 0.003683287747204304 0.00098428775704293803 0.0035918741159279041 0.0052073174075264001 0.00031708329736899874 -0.0010743545542936772 0.000528212071744563 -0.00014049952361698556
leaf_weight=27 51 63 837 34 28 198 31 169 25 85 63 38 40 831 23 55 55 51 31 43 28 408 25 134 27 23 26 66 865 5882
leaf_count=27 51 63 837 34 28 198 31 169 25 85 63 38 40 831 23 55 55 51 31 43 28 408 25 134 27 23 26 66 865 5882
internal_value=-1.10034e-05 1.11899e-05 0.000520535 0.000974236 -0.000109111 0.00166972 0.00218457 0.00157425 0.00354547 0.00338414 -0.000565267 -0.00198631 -0.000428315 -0.000344529 0.000308248 -0.00276622 0.000678196 0.00168272 0.000494514 -0.000254573 0.000347735 0.000221376 0.00194516 -3.51449e-05 0.000310944 -9.34066e-05 0.0026125 0.000504151 0.000620946 -0.000115446
internal_weight=10262 10180 1945 1108 8235 542 344 228 59 116 1149 101 1048 1020 566 82 189 91 515 98 484 461 53 7086 1021 6065 49 958 892 6016
internal_count=10262 10180 1945 1108 8235 542 344 228 59 116 1149 101 1048 1020 566 82 189 91 515 98 484 461 53 7086 1021 6065 49 958 892 6016
is_linear=0
shrinkage=0.05


Tree=9
num_leaves=31
num_cat=0
split_feature=10 7 10 0 5 5 10 9 10 5 1 7 10 8 5 9 8 7 10 9 5 7 5 1 0 4 8 10 10 10
split_gain=0.226525 0.225183 0.191329 0.185267 0.109588 0.167678 0.158853 0.120322 0.106739 0.105059 0.0989587 0.163393 0.093942 0.0931929 0.102149 0.122571 0.0916392 0.0851968 0.105324 0.0819034 0.0799989 0.104058 0.107428 0.0939128 0.0799793 0.0760381 0.0756107 0.0997586 0.0772528 0.0715856
threshold=-1.4107358233296681 -0.040788336179834454 -0.48103724943458737 0.45346320346320351 -0.18736097221460282 0.0076042245756318284 -0.94128921811862287 -0.093395232659671409 -0.45156134932120506 -0.36203813382539768 0.25608394982670474 0.12165444952362971 -1.0625698066009766 -0.12492789304699735 -0.015551355519656947 -0.20201975413801562 -0.064401550658127013 0.031995764294948333 -0.45156134932120506 0.065347338129805768 -1.0000000180025095e-35 0.10535318149705554 -0.14382171068744559 0.2373548459959838 0.18274582560296851 -1.0000000180025095e-35 -0.12164159200752232 -0.51737297603298626 -0.54663251040783167 -1.1505824259339104
decision_type=2 2 2 2 2 2 2 2 2 2 2 2 2 2 2 2 2 2 2 2 2 2 2 2 2 2 2 2 2 2
left_child=-1 2 3 29 6 8 7 -3 10 -9 20 16 -5 14 15 -14 -12 -7 -19 24 21 22 -6 26 -18 -26 -22 28 -28 -2
right_child=1 4 -4 12 5 17 -8 9 -10 -11 11 -13 13 -15 -16 -17 19 18 -20 -21 23 -23 -24 -25 25 -27 27 -29 -30 -31
leaf_value=-0.0026279074670150651 -0.0014940352199653932 2.8078313227053044e-05 -7.605959560623779e-05 -0.0016140695557789351 0.0023027267945223456 -0.00017351747532773788 -0.00035903553041453983 -0.001595867123535794 -7.3700639324756378e-06 -0.0061565423400939574 0.00051497709398311351 0.0019322655169462151 0.0060196343737726025 0.0013252607849322626 0.0012910074500862305 0.0020023044906682464 0.0014989930871127978 -0.0013030330888995486 0.00010820872049075589 -0.00223623421830673 -0.00080142532323682037 -0.0014253412467191246 0.00027096837147837504 0.0044635483438311063 0.0019757928176841236 -0.0013200517512450462 0.0015548520518959726 0.00026421922860511894 0.0038067166878525838 0.0004697878333741067
leaf_weight=82 51 27 837 22 83 1339 1568 23 3208 28 176 91 39 385 59 37 44 440 189 85 43 67 301 23 20 140 171 120 49 515
leaf_count=82 51 27 837 22 83 1339 1568 23 3208 28 176 91 39 385 59 37 44 440 189 85 43 67 301 23 20 140 171 120 49 515
internal_value=-1.04532e-05 1.06304e-05 0.000494509 0.000925525 -0.000103655 -1.24912e-05 -0.000468589 -0.0026709 0.000152114 -0.00409977 0.000514198 -5.29401e-06 0.00158623 0.00172163 0.002852 0.00406383 -0.000384472 -0.000398995 -0.000878987 -0.000932234 0.000851231 0.000392882 0.000710124 0.00136038 -0.0003889 -0.000908071 0.00117403 0.00142387 0.0020564 0.000292836
internal_weight=10262 10180 1945 1108 8235 6589 1646 78 4621 51 1413 556 542 520 135 76 465 1968 629 289 857 451 384 406 204 160 383 340 220 566
internal_count=10262 10180 1945 1108 8235 6589 1646 78 4621 51 1413 556 542 520 135 76 465 1968 629 289 857 451 384 406 204 160 383 340 220 566
is_linear=0
shrinkage=0.05


Tree=10
num_leaves=31
num_cat=0
split_feature=7 10 0 9 8 1 5 5 10 10 9 5 10 5 0 10 1 1 0 0 10 7 7 10 9 7 1 0 8 10
split_gain=0.214391 0.152142 0.197544 0.180119 0.140952 0.115238 0.122348 0.164888 0.145335 0.142288 0.127772 0.110795 0.160013 0.126964 0.105848 0.103333 0.309454 0.122623 0.128281 0.100803 0.0886966 0.0855724 0.0841078 0.0954188 0.0793181 0.0807214 0.0769212 0.0864905 0.105833 0.161274
threshold=-0.036269569970615471 -0.48103724943458737 0.53033088235294124 -0.34305046885473151 -0.34894785736526379 1.9194847544627145 -0.18736097221460282 0.0055440877436846786 -0.95115901657487634 -0.44054170512046437 -0.058205003004741178 -1.0000000180025095e-35 -0.77912774009739871 -0.14382171068744559 -0.074175824175824162 -0.90833795754422553 0.085540602901258436 0.091591546612256672 0.48479262672811069 0.69883720930232573 -1.0625698066009766 0.10535318149705554 0.042585418320734932 -0.52099443926478262 0.29059191404704504 0.086073642352566773 -0.052620930076620824 -0.1742424242424242 -0.16136261573221869 -0.90833795754422553
decision_type=2 2 2 2 2 2 2 2 2 2 2 2 2 2 2 2 2 2 2 2 2 2 2 2 2 2 2 2 2 2
left_child=1 2 4 -4 -1 6 8 9 10 11 -2 12 14 21 -8 16 -13 18 -17 -20 -5 -14 -9 -24 25 -19 -6 -28 29 -29
right_child=5 -3 3 20 26 -7 7 22 -10 -11 -12 15 13 -15 -16 17 -18 24 19 -21 -22 -23 23 -25 -26 -27 27 28 -30 -31
leaf_value=-0.0020286745513134275 0.00012940261917917625 -1.8746649285467886e-05 0.0055047810293867121 -0.0016531198571496848 0.0035710427659796555 -0.0023272747442864908 0.0018829027564136376 -0.00017482423273986321 -0.00038864856161867052 -2.0548013073334198e-05 -0.0045475688390433791 -0.0024828014011727649 0.0030708629257666566 0.00024450087776777202 -0.0013463890097017133 0.00094793262568340923 0.0038371013405700326 8.3155034311251573e-06 0.005901902425518659 0.0018230633228085936 0.001534775567292373 -0.00061002901522442697 -0.0014250529456596758 -5.130260939990271e-05 -0.0013994833832111911 0.0015366119314637252 -0.0027340650225856477 0.0043068401272951936 0.000174411635668451 0.00070298822761020248
leaf_weight=59 23 983 28 23 20 58 29 1452 1499 3015 40 25 75 366 203 140 86 240 28 33 425 20 335 203 60 135 21 42 515 119
leaf_count=59 23 983 28 23 20 58 29 1452 1499 3015 40 25 75 366 203 140 86 240 28 33 425 20 335 203 60 135 21 42 515 119
internal_value=1.34902e-05 0.00044682 0.000812356 0.00161427 0.000320462 -0.000106596 -9.05097e-05 5.70976e-06 -0.000487523 0.000174737 -0.0028401 0.000583614 0.000128266 0.000667248 -0.000942728 0.00100604 0.0024137 0.000760368 0.00178172 0.00369532 0.00137111 0.00229594 -0.000372689 -0.000906705 0.000288435 0.000558502 0.000513766 0.000426039 0.000524208 0.00164312
internal_weight=10300 2235 1252 476 776 8065 8007 6445 1562 4455 63 1440 693 461 232 747 111 636 201 61 448 95 1990 538 435 375 717 697 676 161
internal_count=10300 2235 1252 476 776 8065 8007 6445 1562 4455 63 1440 693 461 232 747 111 636 201 61 448 95 1990 538 435 375 717 697 676 161
is_linear=0
shrinkage=0.05


Tree=11
num_leaves=31
num_cat=0
split_feature=7 1 0 5 8 9 6 4 1 5 5 7 9 4 4 5 0 8 7 5 7 0 5 9 8 8 8 1 5 3
split_gain=0.193488 0.117847 0.140463 0.11787 0.107142 0.127955 0.113983 0.107953 0.104002 0.110419 0.148811 0.106249 0.0957231 0.0785269 0.181125 0.0783748 0.122748 0.108421 0.0918033 0.0827168 0.0759073 0.0686443 0.0678033 0.0614447 0.0613124 0.0602255 0.058994 0.0636268 0.0579546 0.0560823
threshold=-0.036269569970615471 -0.082371342179057824 0.096638655462184891 0.68427578229756847 -0.12164159200752232 -0.22590556981974666 -1705246.9451499998 0.0023723741589282148 1.9194847544627145 -0.18736097221460282 0.0055440877436846786 0.25566381927142529 0.18537902725375335 0.070652308152282753 0.09118483368330256 -0.00013599212226465384 0.40192307692307699 0.18193830976299788 0.10535318149705554 -0.14382171068744559 0.042585418320734932 0.063508064516129045 0.043082027733194576 0.0033763696259853098 0.13361090091735187 0.22047058639580022 -0.026890504032208381 0.25608394982670474 -0.08906254765524696 1.1250000000000002
decision_type=2 2 2 2 2 2 2 2 2 2 2 2 2 2 2 2 2 2 2 2 2 2 2 2 2 2 2 2 2 2
left_child=1 -1 3 -3 5 6 -4 -8 9 -2 11 15 -13 29 -15 18 23 -18 19 25 -12 22 -22 -17 -16 -11 -23 -28 -21 -6
right_child=8 2 4 -5 13 -7 7 -9 -10 10 20 12 -14 14 24 16 17 -19 -20 28 21 26 -24 -25 -26 -27 27 -29 -30 -31
leaf_value=0.0037077600718475878 -0.00046314671061382576 -0.00025006038929970448 0.0041204299655203764 -0.0040945488338669147 0.00021585116219371449 0.00048014052199259579 0.00078912512788213967 0.0047100712617282716 -0.0022109109691569005 0.00044481625980244004 -0.00016608301668331613 0.0043244055183283212 5.5547340161865583e-05 0.0059644012665376073 0.0014994275332027743 0.00043839944275435977 0.00069141618135570794 0.0029286909909618988 -0.0016703148804777671 -0.00072634051279900347 0.0027493715174690199 0.00011839663651958941 -0.0005170338886215332 -0.00015482593969531539 -0.001529961143134405 0.002890461599411167 -0.00098759627664809775 -0.0025075637741893944 -8.5754690388656762e-06 0.0027622716932621024
leaf_weight=27 1562 394 57 21 1260 222 107 21 58 372 1452 29 24 20 61 767 659 59 89 387 24 84 47 1013 23 27 293 90 1029 22
leaf_count=27 1562 394 57 21 1260 222 107 21 58 372 1452 29 24 20 61 767 659 59 89 387 24 84 47 1013 23 27 293 90 1029 22
internal_value=1.28157e-05 0.000424479 0.00038433 -0.000444601 0.000576191 0.00128944 0.00226061 0.00143241 -0.000101266 -8.59842e-05 5.42427e-06 0.000166 0.00239134 0.000366743 0.00168812 0.000139207 0.000323399 0.000875259 -0.000102448 -2.55668e-05 -0.000354055 -0.00086137 0.000587103 0.000100794 0.000669952 0.000610311 -0.00108159 -0.00134477 -0.000204744 0.000259549
internal_weight=10300 2235 2208 415 1793 407 185 128 8065 8007 6445 4455 53 1386 104 4402 2498 718 1904 1815 1990 538 71 1780 84 399 467 383 1416 1282
internal_count=10300 2235 2208 415 1793 407 185 128 8065 8007 6445 4455 53 1386 104 4402 2498 718 1904 1815 1990 538 71 1780 84 399 467 383 1416 1282
is_linear=0
shrinkage=0.05


Tree=12
num_leaves=31
num_cat=0
split_feature=7 1 0 5 8 9 6 4 1 4 8 5 5 0 1 0 7 8 4 1 4 4 3 3 3 9 7 9 0 8
split_gain=0.174623 0.106357 0.126768 0.106378 0.0966954 0.11548 0.10287 0.0974276 0.0953848 0.0986929 0.100006 0.0759026 0.183587 0.10372 0.102086 0.100718 0.107485 0.0951065 0.0852926 0.0756887 0.0795439 0.153143 0.0816369 0.0722528 0.0671026 0.0703735 0.0609918 0.0752203 0.0597968 0.0758429
threshold=-0.036269569970615471 -0.082371342179057824 0.096638655462184891 0.68427578229756847 -0.12164159200752232 -0.22590556981974666 -1705246.9451499998 0.0023723741589282148 2.8117192253749659 0.0018438518152391616 0.33220374049843898 0.0055440877436846786 -0.00013599212226465384 0.40192307692307699 -0.093708471626237397 0.86914744933612853 0.047690155447130296 0.16561702794083613 -0.03540139034271144 -0.0038152473389014836 0.070652308152282753 0.09118483368330256 1.1250000000000002 -1.3749999999999998 0.87500000000000011 0.074671023645442328 0.0013240741469358055 -0.17437931563671719 0.11437908496732027 -0.078086849190059412
decision_type=2 2 2 2 2 2 2 2 2 2 2 2 2 2 2 2 2 2 2 2 2 2 2 2 2 2 2 2 2 2
left_child=1 -1 3 -3 5 6 -4 -8 9 11 26 12 14 -14 -2 16 -16 24 -18 -6 22 -22 -21 -20 -15 -26 27 -11 -13 -30
right_child=8 2 4 -5 19 -7 7 -9 -10 10 -12 28 13 17 15 -17 18 -19 23 20 21 -23 -24 -25 25 -27 -28 -29 29 -31
leaf_value=0.0035223721224745667 0.0014598818317894809 -0.00023755735968051096 0.0039144084714056943 -0.0038898213012587462 -0.0025609699067321015 0.00045613349745614979 0.00074966886483631139 0.0044745677605360036 -0.0029103033085508892 0.0020375158001736896 -0.0029724435108762822 0.00032342693312702154 0.00019492599934457279 0.00053410417050399957 -0.00017710347537242105 0.00143478316245559 0.0019053070929658134 0.0025058708994520314 0.0011769838527672821 0.00023698452497072117 0.0056661811796948312 0.00077449439377232923 0.0034570263157365846 -0.0015174353274126846 0.00390036237372442 0.00065619717377038411 -0.00067070710082076741 -0.00016700959965252753 0.00045591109711445166 -0.00059832381263331892
leaf_weight=27 89 394 57 21 22 222 107 21 30 41 38 319 1630 578 1898 84 22 83 27 1244 20 80 20 317 32 35 825 688 201 1128
leaf_count=27 89 394 57 21 22 222 107 21 30 41 38 319 1630 578 1898 84 22 83 27 1244 20 80 20 317 32 35 825 688 201 1128
internal_value=1.21749e-05 0.000403255 0.000365114 -0.000422371 0.000547381 0.00122497 0.00214758 0.00136079 -9.62025e-05 -8.56956e-05 -0.000438223 1.41031e-06 0.00010202 0.000416543 -0.000202307 -0.000265312 -0.00032839 0.000912744 -0.00111293 0.000348406 0.000395332 0.00175283 0.000287935 -0.00130595 0.000707738 0.00220565 -0.000376253 -4.30239e-05 -0.000291322 -0.00043888
internal_weight=10300 2235 2208 415 1793 407 185 128 8065 8035 1592 6443 4795 2358 2437 2348 2264 728 366 1386 1364 100 1264 344 645 67 1554 729 1648 1329
internal_count=10300 2235 2208 415 1793 407 185 128 8065 8035 1592 6443 4795 2358 2437 2348 2264 728 366 1386 1364 100 1264 344 645 67 1554 729 1648 1329
is_linear=0
shrinkage=0.05


end of trees

feature_importances:
risk_penalty=67
price_mom_21d=51
consensus_z=45
upside_z=42
inst_flow_13f=42
price_mom_5d=40
target_revision_30d=36
price_mom_63d=32
insider_net_buy_90d=22
rating_mom_30d=13

parameters:
[boosting: gbdt]
[objective: regression]
[metric: rmse]
[tree_learner: serial]
[device_type: cpu]
[data_sample_strategy: bagging]
[data: ]
[valid: ]
[num_iterations: 400]
[learning_rate: 0.05]
[num_leaves: 31]
[num_threads: 0]
[seed: 0]
[deterministic: 0]
[force_col_wise: 0]
[force_row_wise: 0]
[histogram_pool_size: -1]
[max_depth: -1]
[min_data_in_leaf: 20]
[min_sum_hessian_in_leaf: 0.001]
[bagging_fraction: 0.9]
[pos_bagging_fraction: 1]
[neg_bagging_fraction: 1]
[bagging_freq: 5]
[bagging_seed: 3]
[bagging_by_query: 0]
[feature_fraction: 0.9]
[feature_fraction_bynode: 1]
[feature_fraction_seed: 2]
[extra_trees: 0]
[extra_seed: 6]
[early_stopping_round: 0]
[early_stopping_min_delta: 0]
[first_metric_only: 0]
[max_delta_step: 0]
[lambda_l1: 0]
[lambda_l2: 0]
[linear_lambda: 0]
[min_gain_to_split: 0]
[drop_rate: 0.1]
[max_drop: 50]
[skip_drop: 0.5]
[xgboost_dart_mode: 0]
[uniform_drop: 0]
[drop_seed: 4]
[top_rate: 0.2]
[other_rate: 0.1]
[min_data_per_group: 100]
[max_cat_threshold: 32]
[cat_l2: 10]
[cat_smooth: 10]
[max_cat_to_onehot: 4]
[top_k: 20]
[monotone_constraints: ]
[monotone_constraints_method: basic]
[monotone_penalty: 0]
[feature_contri: ]
[forcedsplits_filename: ]
[refit_decay_rate: 0.9]
[cegb_tradeoff: 1]
[cegb_penalty_split: 0]
[cegb_penalty_feature_lazy: ]
[cegb_penalty_feature_coupled: ]
[path_smooth: 0]
[interaction_constraints: ]
[verbosity: -1]
[saved_feature_importance_type: 0]
[use_quantized_grad: 0]
[num_grad_quant_bins: 4]
[quant_train_renew_leaf: 0]
[stochastic_rounding: 1]
[linear_tree: 0]
[max_bin: 255]
[max_bin_by_feature: ]
[min_data_in_bin: 3]
[bin_construct_sample_cnt: 200000]
[data_random_seed: 1]
[is_enable_sparse: 1]
[enable_bundle: 1]
[use_missing: 1]
[zero_as_missing: 0]
[feature_pre_filter: 1]
[pre_partition: 0]
[two_round: 0]
[header: 0]
[label_column: ]
[weight_column: ]
[group_column: ]
[ignore_column: ]
[categorical_feature: ]
[forcedbins_filename: ]
[precise_float_parser: 0]
[parser_config_file: ]
[objective_seed: 5]
[num_class: 1]
[is_unbalance: 0]
[scale_pos_weight: 1]
[sigmoid: 1]
[boost_from_average: 1]
[reg_sqrt: 0]
[alpha: 0.9]
[fair_c: 1]
[poisson_max_delta_step: 0.7]
[tweedie_variance_power: 1.5]
[lambdarank_truncation_level: 30]
[lambdarank_norm: 1]
[label_gain: ]
[lambdarank_position_bias_regularization: 0]
[eval_at: ]
[multi_error_top_k: 1]
[auc_mu_weights: ]
[num_machines: 1]
[local_listen_port: 12400]
[time_out: 120]
[machine_list_filename: ]
[machines: ]
[gpu_platform_id: -1]
[gpu_device_id: -1]
[gpu_device_id_list: ]
[gpu_use_dp: 0]
[num_gpu: 1]

end of parameters

pandas_categorical:[]
