tree
version=v4
num_class=1
num_tree_per_iteration=1
label_index=0
max_feature_idx=10
objective=regression
feature_names=consensus_z upside_z rating_mom_7d rating_mom_30d target_revision_30d inst_flow_13f insider_net_buy_90d price_mom_5d price_mom_21d price_mom_63d risk_penalty
feature_infos=[-0.42857142857142855:1.056338028169014] [-0.36308208081711313:114.47344354055727] [-8:2.75] [-8:3] [-0.51499852417579794:0.86206896551724155] [-0.94999999999999996:5] [-653017053.01679993:9999985] [-0.48704922372874948:1.0163748968604644] [-0.71891893285134123:1.1436056679689468] [-0.92586410212815806:2.161403694869048] [-1.5946571105528466:-0.036512142864774305]
tree_sizes=2965 3004 2971 2988 3013 3013 3025 2989 3023

Tree=0
num_leaves=31
num_cat=0
split_feature=7 10 8 8 10 0 1 0 8 1 9 9 10 1 10 7 8 1 5 8 7 1 7 9 7 10 1 10 4 9
split_gain=0.0509192 0.0255955 0.0344501 0.0151051 0.0135593 0.0163022 0.01348 0.0124767 0.0133791 0.0150874 0.0120396 0.0117836 0.0144374 0.0148981 0.0194799 0.0123021 0.0199242 0.0175513 0.0184389 0.012251 0.0111747 0.0365876 0.0133994 0.0132338 0.0107084 0.013196 0.01971 0.0150292 0.0136549 0.0164198
threshold=-0.034979598249774528 -0.48809303739641713 -0.34000982533219704 0.20539560301352824 -0.96726248851835794 0.10727969348659004 2.8117192253749659 0.3771551724137932 0.17443312767196975 0.024441860808396946 -0.58146100043758919 -0.040055393158618717 -0.8621836467338192 0.072043866974013673 -1.1639569018792972 0.010110047386127754 -0.064259036261769861 0.53481917332855755 -0.1241069094787673 0.055340595345210859 0.11389344931159985 0.43259629694593288 0.015582517852718249 -0.19147775107815565 0.13013411710788061 -0.50912506366604671 0.31597566266237093 -0.68311444747192518 0.0056177066771837545 0.066787087281945504
decision_type=2 2 2 2 2 2 2 2 2 2 2 2 2 2 2 2 2 2 2 2 2 2 2 2 2 2 2 2 2 2
left_child=1 2 10 6 5 -5 11 8 9 -4 -1 12 13 -2 -15 17 -17 18 -16 -18 22 -22 -14 -24 25 26 -13 -28 29 -29
right_child=3 -3 7 4 -6 -7 -8 -9 -10 -11 -12 24 20 14 15 16 19 -19 -20 -21 21 -23 23 -25 -26 -27 27 28 -30 -31
leaf_value=-0.0011090321607654611 -0.00030078363287767593 0.00061473114817556891 0.0017014323984897489 0.00056165440048192917 0.00038320587090018299 -0.00087016954863948937 -0.00049459780262461959 0.0011457827029585017 -0.00038355263741578097 0.00078895010514834832 0.00030348276535698563 0.00080000237478466225 0.00066474316027205699 0.0024132182732558138 0.0010537361209888869 9.9249366283477329e-05 0.0016741334477566824 0.00021014148308157719 0.0029028713288902891 0.00064902231171139592 0.00040306034021353649 0.0026717076272746343 8.962617781633792e-05 0.00053651123078550793 0.00015383665329104916 0.00048598424555691022 0.00076586819577966739 0.00019139077586401154 0.0008389378617172235 -0.0012987502874990252
leaf_weight=22 22 1161 50 33 569 50 31 667 22 482 48 767 1459 24 28 78 55 20 26 62 52 27 229 599 205 4421 69 38 24 36
leaf_count=22 22 1161 50 33 569 50 31 667 22 482 48 767 1459 24 28 78 55 20 26 62 52 27 229 599 205 4421 69 38 24 36
internal_value=0.000583273 0.00078508 0.000938275 0.000527824 0.00029612 -0.00030089 0.000546087 0.00100012 0.000824743 0.00087471 -0.00014045 0.000550001 0.000636102 0.000954096 0.00104832 0.000926544 0.000718247 0.00147543 0.00194406 0.00113091 0.000593766 0.00117842 0.00057357 0.000412916 0.000508484 0.000522061 0.000692826 0.000200582 -0.000197425 -0.000533543
internal_weight=11376 2452 1291 8924 652 83 8272 1221 554 532 70 8241 2681 315 293 269 195 74 54 117 2366 79 2287 828 5560 5355 934 167 98 74
internal_count=11376 2452 1291 8924 652 83 8272 1221 554 532 70 8241 2681 315 293 269 195 74 54 117 2366 79 2287 828 5560 5355 934 167 98 74
is_linear=0
shrinkage=1


Tree=1
num_leaves=31
num_cat=0
split_feature=7 1 8 10 0 8 1 10 0 8 9 10 1 5 1 7 7 7 10 9 4 8 9 8 3 10 10 9 4 8
split_gain=0.0459546 0.0237684 0.02148 0.0293926 0.0154252 0.0136323 0.0126031 0.0122373 0.0147127 0.0115964 0.0111406 0.0164793 0.0189122 0.0195458 0.0234829 0.0118877 0.0144652 0.0132846 0.0120185 0.0108657 0.0104537 0.0104337 0.0192203 0.0103665 0.010025 0.0155727 0.0197969 0.0188699 0.00960187 0.00924863
threshold=-0.034979598249774528 -0.088766635189184914 -0.34000982533219704 -0.48809303739641713 0.3771551724137932 0.20539560301352824 1.8001693559113943 -0.96726248851835794 0.10727969348659004 0.17443312767196975 -0.040055393158618717 -0.95690568309811219 0.072043866974013673 -1.0000000180025095e-35 0.62112635279055306 0.14404184666518241 0.21146217611152165 0.014614361243453279 -0.61508418006179688 -0.58146100043758919 0.048141629894385647 -0.0074588166945562242 0.3323827183655616 -0.18503568399726691 0.37500000000000006 -0.52083713974728485 -0.78328225956906783 0.42941353203451033 -0.0001682841275012503 -0.043721958384236918
decision_type=2 2 2 2 2 2 2 2 2 2 2 2 2 2 2 2 2 2 2 2 2 2 2 2 2 2 2 2 2 2
left_child=1 -1 19 4 9 6 10 8 -7 -4 11 12 -2 29 -15 17 -17 23 -19 -3 28 22 -6 -13 -12 26 -26 -28 -9 -14
right_child=5 2 3 -5 21 7 -8 20 -10 -11 24 15 13 14 -16 16 -18 18 -20 -21 -22 -23 -24 -25 25 -27 27 -29 -30 -31
leaf_value=0.0016987328632519798 -0.00083656113129109149 -0.0016043971313840966 0.00022363401726299624 2.3531785718042694e-05 0.00061588688086802994 -1.7244920617844347e-05 -0.00080058814481094066 -0.00090511169604296285 -0.0013774777033831924 -0.0010032715590205044 -8.509317335371339e-05 0.0007246397627113766 -0.00018309022113680842 0.0021827667836700321 9.9376409170439574e-05 0.0013719886087346822 -0.00024217601622576301 -0.0003526472346106975 7.663075713218016e-06 -0.00026250797661001951 -0.00068782021494784708 0.00029103394449015878 0.0021692498447096332 7.39381690411576e-05 -0.00031245332269463693 -5.5113487690471597e-06 0.0019269265729981739 0.00014501054829452187 -3.3491552265319645e-05 0.00083694436347286688
leaf_weight=26 22 22 520 1149 385 33 53 34 50 20 5196 64 50 38 21 35 23 386 578 48 88 261 21 1403 30 270 39 24 447 40
leaf_count=26 22 22 520 1149 385 33 53 34 50 20 5196 64 50 38 21 35 23 386 578 48 88 261 21 1403 30 270 39 24 447 40
internal_value=3.29296e-06 0.000195009 0.000178894 0.000204539 0.000376847 -4.93839e-05 -3.20341e-05 -0.000269503 -0.000836662 0.000178193 -2.70781e-05 5.70752e-05 0.000531877 0.000733928 0.00144122 2.44553e-05 0.000731889 7.57697e-06 -0.000136611 -0.000684245 -0.000186771 0.000537677 0.000696233 0.000102326 -6.73458e-05 0.000186691 0.000744697 0.0012481 -9.5103e-05 0.000270258
internal_weight=11376 2452 2426 2356 1207 8924 8272 652 83 540 8219 2660 171 149 59 2489 58 2431 964 70 569 667 406 1467 5559 363 93 63 481 90
internal_count=11376 2452 2426 2356 1207 8924 8272 652 83 540 8219 2660 171 149 59 2489 58 2431 964 70 569 667 406 1467 5559 363 93 63 481 90
is_linear=0
shrinkage=0.05


Tree=2
num_leaves=31
num_cat=0
split_feature=8 10 1 10 0 1 3 0 2 8 8 1 4 4 9 8 8 10 1 0 10 8 1 8 4 6 10 1 9 8
split_gain=0.0208692 0.0325772 0.0320183 0.0155386 0.0145 0.0140311 0.0122237 0.0132556 0.0145537 0.0110018 0.00985245 0.0141012 0.00892257 0.0097605 0.00864902 0.00757766 0.0110481 0.020535 0.0115167 0.00878214 0.0172178 0.0120367 0.0112184 0.0107647 0.0177399 0.0109776 0.0149152 0.0140771 0.0169548 0.01032
threshold=0.20539560301352824 -0.49118995137092908 1.8001693559113943 -0.96726248851835794 0.10727969348659004 0.19955609792652776 0.37500000000000006 0.62213156552779203 0.75000000000000011 -0.010081180564916524 -0.012243653134267061 0.24200199758671273 0.048141629894385647 -0.0001682841275012503 -0.014976727858271198 -0.34000982533219704 -0.21967483552289682 -0.91204737120453561 0.53481917332855755 0.096638655462184891 -0.63511105214341523 -0.13727825328011714 -0.05540781096099217 -0.067770002391438031 0.071862037398326431 -1705246.9451499998 -1.023034117147102 0.51516095847909726 -0.19617658882425784 -0.13422484871308335
decision_type=2 2 2 2 2 2 2 2 2 2 2 2 2 2 2 2 2 2 2 2 2 2 2 2 2 2 2 2 2 2
left_child=1 2 6 4 -2 -6 15 10 9 -9 -8 -12 13 -5 -11 -1 17 18 -17 20 21 -18 -22 24 25 26 -21 29 -29 -28
right_child=3 -3 -4 12 5 -7 7 8 -10 14 11 -13 -14 -15 -16 16 19 -19 -20 23 22 -23 -24 -25 -26 -27 27 28 -30 -31
leaf_value=-0.00039734608797061812 -0.0001088153397759948 -4.2880643249345895e-05 -0.00067299987350164675 -0.00084110597269430485 -0.0022475277082994582 -0.00066661306918831549 0.0007047986525999891 0.0022227497840677166 -2.1229530284472278e-05 0.0017715012340340766 0.00031552988650095727 -0.00098799184402196269 -0.0005938200150957724 -1.7744279535122343e-05 0.00052184969859404699 0.002087379525915754 -0.00091186839061370797 0.00022699607804684067 0.0005648212921147681 0.0016800907919096064 0.001388743962161243 -0.0001391903821545165 0.00014440680351981427 9.428727221589742e-05 0.0016538722658879124 0.00012629626481153416 -0.00028031824594007857 0.00045610407190018354 0.0021379655757260952 0.00045720731792217725
leaf_weight=64 39 6990 117 39 25 32 55 21 32 20 59 32 102 467 45 27 69 161 23 25 20 187 192 1748 24 484 72 43 23 139
leaf_count=64 39 6990 117 39 25 32 55 21 32 20 59 32 102 467 45 27 69 161 23 25 20 187 192 1748 24 484 72 43 23 139
internal_value=3.12831e-06 2.0522e-05 0.000140887 -0.000260544 -0.000851704 -0.00136 0.000167598 0.000494985 0.000889082 0.0012278 0.000176469 -0.000142851 -0.000167203 -8.1205e-05 0.000906358 0.000141415 0.000152067 0.000501879 0.001387 0.000127675 -7.1467e-05 -0.000347451 0.000261797 0.000164109 0.000314787 0.000273899 0.000510453 0.00040489 0.00104221 0.00020554
internal_weight=11376 10672 3682 704 96 57 3565 264 118 86 146 91 608 506 65 3301 3237 211 50 3026 468 256 212 2558 810 786 302 277 66 211
internal_count=11376 10672 3682 704 96 57 3565 264 118 86 146 91 608 506 65 3301 3237 211 50 3026 468 256 212 2558 810 786 302 277 66 211
is_linear=0
shrinkage=0.05


Tree=3
num_leaves=31
num_cat=0
split_feature=7 1 8 10 0 8 1 10 6 9 0 8 6 8 7 9 9 10 7 1 7 1 10 7 8 7 10 3 10 1
split_gain=0.0406222 0.0210262 0.018163 0.0250501 0.0132349 0.0109241 0.010443 0.010127 0.014687 0.012966 0.0124621 0.0139828 0.0122064 0.0100615 0.0097408 0.0095998 0.00938455 0.0117972 0.0135461 0.0213466 0.0203939 0.0173776 0.0166997 0.015884 0.0130443 0.01027 0.0103188 0.0190305 0.0182698 0.014218
threshold=-0.034979598249774528 -0.088766635189184914 -0.34000982533219704 -0.48809303739641713 0.3771551724137932 0.20539560301352824 2.8117192253749659 -0.53833088808448737 -1.0000000180025095e-35 0.14498407840438135 0.47386363636363643 0.44621823504927011 -1325815.0300499997 0.17443312767196975 0.064571438878856649 -0.58146100043758919 -0.040055393158618717 -0.8621836467338192 0.010110047386127754 0.53481917332855755 -0.018265445409230582 0.12388471655822177 -1.0580662960479918 0.089057840143881864 -0.062877254138839864 0.13013411710788061 -0.50912506366604671 0.37500000000000006 -0.7240959689915033 0.31597566266237093
decision_type=2 2 2 2 2 2 2 2 2 2 2 2 2 2 2 2 2 2 2 2 2 2 2 2 2 2 2 2 2 2
left_child=1 -1 15 4 13 6 16 8 9 12 11 14 -7 -4 -10 -3 17 18 19 20 -2 -20 23 -23 -24 26 27 29 -29 -18
right_child=5 2 3 -5 -6 7 -8 -9 10 -11 -12 -13 -14 -15 -16 -17 25 -19 21 -21 -22 22 24 -25 -26 -27 -28 28 -30 -31
leaf_value=0.0015975469212907438 0.00013247965459661581 -0.0014905273459259083 0.00020903495735323163 2.4544999048851833e-05 0.00049969288690687285 -0.00074221497834812793 -0.00094700512652766086 5.3710853518995965e-05 -1.4266598009271548e-06 -0.00037340696811730286 -0.00085968669999631181 -0.00068667370029163127 -0.0021160246476277034 -0.00093379701953381303 0.0010501336212488538 -0.00022922810915891511 0.00012924607122636973 1.0989998351248709e-05 -0.0011651583324672411 -0.00045762321831055246 0.0020277667272603143 0.00030113432055053815 -0.00051345836021055491 0.0020353473292704185 0.00041642220272809609 -0.00041194066569532213 -8.3234890539008309e-05 0.00013888218205205963 0.0016738829775325332 -0.00039346515657825878
leaf_weight=26 22 22 520 1149 667 61 31 199 40 221 31 29 22 20 49 48 696 2366 23 22 40 31 66 23 88 205 4421 42 36 160
leaf_count=26 22 22 520 1149 667 61 31 199 40 221 31 29 22 20 49 48 696 2366 23 22 40 31 66 23 88 205 4421 42 36 160
internal_value=2.9719e-06 0.000183222 0.000168065 0.000191647 0.000350719 -4.65546e-05 -3.10235e-05 -0.000243599 -0.000374205 -0.000573522 3.24541e-05 0.00026683 -0.00110636 0.000166708 0.000577522 -0.000625636 -2.75779e-05 4.92601e-05 0.000336711 0.000880447 0.00135525 0.000138989 0.000283197 0.00103978 1.7902e-05 -6.46287e-05 -5.13329e-05 9.9672e-05 0.000847344 3.1543e-05
internal_weight=11376 2452 2426 2356 1207 8924 8272 652 453 304 149 118 83 540 89 70 8241 2681 315 84 62 231 208 54 154 5560 5355 934 78 856
internal_count=11376 2452 2426 2356 1207 8924 8272 652 453 304 149 118 83 540 89 70 8241 2681 315 84 62 231 208 54 154 5560 5355 934 78 856
is_linear=0
shrinkage=0.05


Tree=4
num_leaves=31
num_cat=0
split_feature=7 1 8 7 5 7 3 9 5 4 7 9 7 5 9 8 4 8 9 7 5 7 8 7 3 8 1 9 0 7
split_gain=0.0366615 0.0189762 0.0163921 0.0112928 0.0109987 0.0144205 0.0102657 0.00866494 0.00842896 0.0084241 0.0107229 0.00930357 0.017034 0.0116643 0.00851129 0.00762851 0.00737279 0.0225724 0.0074703 0.0178617 0.0123853 0.0104936 0.0139876 0.00957593 0.00883736 0.0147118 0.00878564 0.0135159 0.00863632 0.00846597
threshold=-0.034979598249774528 -0.088766635189184914 -0.34000982533219704 -0.095979045324587217 -0.18736097221460282 0.018467605861286488 0.37500000000000006 -0.47413104765452302 -0.36203813382539768 0.016056363056438653 0.15355088539562414 -0.091600053741331108 0.10017830023833153 -0.16322094993347072 0.37756602781229548 0.21168126417664537 -0.0090392761486953171 0.13018837613980919 -0.040055393158618717 0.13013411710788061 -1.0000000180025095e-35 0.11389344931159985 0.051586407241466688 0.25457469767509316 -1.1249999999999998 0.13267387508250364 0.31962774557760393 -0.16820314985301957 0.51520737327188948 0.19179182536673814
decision_type=2 2 2 2 2 2 2 2 2 2 2 2 2 2 2 2 2 2 2 2 2 2 2 2 2 2 2 2 2 2
left_child=1 -1 7 -4 5 6 -2 -3 -8 16 11 -11 13 14 -13 -15 17 -6 21 -20 -21 24 26 -22 -18 -26 -23 -28 -27 -24
right_child=4 2 3 -5 9 -7 8 -9 -10 10 -12 12 -14 15 -16 -17 18 -19 19 20 23 22 29 -25 25 28 27 -29 -30 -31
leaf_value=0.0015176695493909602 -8.1121180581047916e-05 -0.0012005612250504784 0.00040735230997718946 0.00012887464786365531 -9.09928527506315e-05 -0.00033311390013075586 0.0013605542920479574 -8.3864816329687057e-05 0.00016190755010360262 0.00041361485052840327 -0.0011919846120290458 0.0012430884092199531 0.0012405768322059885 -0.00024986718647348674 -0.00018207975736004301 -0.00096455385013541675 0.00085300387199302875 -0.0014333340448929985 7.1267463589941157e-06 -0.001267832706444834 -0.0004442894577982643 0.00023872282131221788 0.00053803427225171494 0.00037163845767887931 8.3738079862114985e-05 -0.00019549864603807997 0.00056674445420087851 0.0021662318622693421 -0.0012661462334255058 -0.00066001495521049957
leaf_weight=26 1067 32 450 1906 397 694 22 38 44 69 25 22 20 561 20 40 35 34 3831 37 179 29 29 45 1562 48 28 25 31 30
leaf_count=26 1067 32 450 1906 397 694 22 38 44 69 25 22 20 561 20 40 35 34 3831 37 179 29 29 45 1562 48 28 25 31 30
internal_value=2.8233e-06 0.000174061 0.000159661 0.000182064 -4.42268e-05 -0.00015363 -4.36895e-05 -0.000594355 0.000561456 -1.6063e-05 -0.000173712 -0.000138935 -0.00019644 -0.000241137 0.000564437 -0.000297434 2.76039e-06 -0.000196885 1.73225e-05 -2.01396e-05 -0.00042036 0.000101689 0.000515958 -0.000280375 6.68374e-05 5.00697e-05 0.000938385 0.00132122 -0.000615626 -7.11433e-05
internal_weight=11376 2452 2426 2356 8924 1827 1133 70 66 7097 757 732 663 643 42 601 6340 431 5909 4092 261 1817 141 224 1676 1641 82 53 79 59
internal_count=11376 2452 2426 2356 8924 1827 1133 70 66 7097 757 732 663 643 42 601 6340 431 5909 4092 261 1817 141 224 1676 1641 82 53 79 59
is_linear=0
shrinkage=0.05


Tree=5
num_leaves=31
num_cat=0
split_feature=7 10 10 0 8 1 7 8 8 7 9 10 7 10 5 7 5 4 7 10 0 9 9 5 1 10 5 7 7 8
split_gain=0.0346335 0.0137083 0.0177893 0.0141855 0.0130029 0.0304194 0.0142704 0.0124531 0.0159815 0.0107458 0.0245877 0.0215117 0.0307869 0.021865 0.0127224 0.0107402 0.00979544 0.00950908 0.00986025 0.0125439 0.0119712 0.0120135 0.0103775 0.013858 0.00927263 0.00850732 0.00845732 0.00914322 0.00844415 0.00808451
threshold=-0.029862219077106952 -1.405138664821495 -0.4829887727747047 0.55409356725146208 -0.0074588166945562242 0.20672971257073361 -0.070291183824720091 -0.023911271586596002 -0.069275378558596487 0.13013411710788061 -0.068945284481435484 -0.90238577534425857 0.25457469767509316 -1.0739154655814944 0.010254992857957867 0.16201694460460861 0.068512489815854158 0.0072992355255442351 0.03634332474924596 -0.59054717921552291 0.63019943019943037 0.1776769327787702 0.25833890154987954 -0.14667933606073311 -0.099289212997036677 -0.55058192274802054 -0.18736097221460282 0.11967406747150434 0.017112129596277618 0.11640020136197983
decision_type=2 2 2 2 2 2 2 2 2 2 2 2 2 2 2 2 2 2 2 2 2 2 2 2 2 2 2 2 2 2
left_child=1 -1 3 24 5 6 -5 8 -7 17 14 12 13 -12 15 -11 -6 26 19 20 -19 -22 23 -20 -3 -24 28 -28 -2 -13
right_child=9 2 -4 4 16 7 -8 -9 -10 10 11 29 -14 -15 -16 -17 -18 18 22 -21 21 -23 25 -25 -26 -27 27 -29 -30 -31
leaf_value=-0.00063321869612471869 -3.3743951921631308e-05 0.001220657561789267 3.291042668952198e-05 0.0010248270392185076 0.00029869639859659214 0.0006333275746374516 0.0029136384814046328 0.0015457366454379204 -0.00023217813346267056 -0.00024015899028969356 -0.00069626714013187061 0.0001332120736161629 0.00014573354944304536 -0.0024917283498395522 -0.0006172182007200415 0.0009622552805992131 -0.00075716338865458978 -4.5789733742665962e-05 -0.0011699583608738926 -0.0001667764528893814 0.00025981723389122634 0.0016101764910022862 0.00030197276861708563 -0.0003091623762332984 0.00013123540860858872 -0.00063310629112566939 -4.5247910897588432e-07 0.00057077858946286142 -0.00029972602132106584 -0.00045680364979131167
leaf_weight=56 768 20 1432 20 181 198 20 26 73 26 30 89 33 39 27 65 25 99 74 900 40 28 71 127 835 37 5242 71 488 167
leaf_count=56 768 20 1432 20 181 198 20 26 73 26 30 89 33 39 27 65 25 99 74 900 40 28 71 127 835 37 5242 71 488 167
internal_value=-8.03498e-06 0.000141443 0.000156772 0.000283647 0.000483505 0.000674802 0.00196923 0.000500468 0.000400184 -5.92634e-05 -0.000290019 -0.000496331 -0.00111036 -0.00171109 0.000335912 0.000618708 0.000170558 -4.54384e-05 -0.000164956 -9.29282e-05 0.000305057 0.000815848 -0.000413674 -0.000626072 0.000156719 -1.83784e-05 -2.04031e-05 7.18114e-06 -0.000137087 -0.000251681
internal_weight=11307 2886 2830 1398 543 337 40 297 271 8421 476 358 102 69 118 91 206 7945 1376 1067 167 68 309 201 855 108 6569 5313 1256 256
internal_count=11307 2886 2830 1398 543 337 40 297 271 8421 476 358 102 69 118 91 206 7945 1376 1067 167 68 309 201 855 108 6569 5313 1256 256
is_linear=0
shrinkage=0.05


Tree=6
num_leaves=31
num_cat=0
split_feature=7 9 1 8 1 8 5 7 5 5 8 0 9 7 8 6 7 0 6 9 9 6 8 7 2 7 8 1 9 1
split_gain=0.0312567 0.0133364 0.0116044 0.0103741 0.010326 0.00996509 0.00991511 0.0165204 0.0101942 0.0100677 0.0134553 0.0108083 0.0108095 0.0106819 0.00859973 0.00846418 0.00845307 0.0104136 0.00823827 0.00810453 0.00803086 0.00959945 0.0124208 0.00797771 0.0123111 0.00970346 0.0117592 0.00856036 0.00921911 0.00783514
threshold=-0.029862219077106952 0.49131955224328078 2.8117192253749659 0.31025929382852574 0.25596832146053577 0.1999232037922021 -0.081978561338308983 0.045325718828221569 -0.11261908395303935 0.0046823124195680297 -0.23209897956380751 0.45049019607843144 -0.060992397091255139 0.13013411710788061 0.24606508411385211 62055.750000000007 0.11967406747150434 0.16823899371069187 -206795.15999999997 -0.050060309914657534 -0.093701284994388165 -4497285.1849999996 0.033454338404900537 -0.095979045324587217 -1.0000000180025095e-35 -0.10455661493630063 -0.14904557678956062 -0.099289212997036677 -0.1641709939921995 0.23709803363981199
decision_type=2 2 2 2 2 2 2 2 2 2 2 2 2 2 2 2 2 2 2 2 2 2 2 2 2 2 2 2 2 2
left_child=1 2 5 6 -5 23 7 -2 20 10 -8 12 16 -14 -13 -4 -12 -18 -15 -10 21 -9 -23 24 -1 -26 -27 -25 -29 -22
right_child=3 -3 15 4 -6 -7 9 8 19 -11 11 14 13 18 -16 -17 17 -19 -20 -21 29 22 -24 27 25 26 -28 28 -30 -31
leaf_value=-0.0005992419271933614 -6.6090978845909139e-05 0.0009357391749326067 -0.0012063292221033148 -0.00026389875061855813 -0.0013023877641427572 -0.00047259489530750382 0.0012743966299405491 0.00091212217711682361 -0.00041256796545349067 -9.8392445299836111e-05 0.00010818634808241882 0.00014264426275875045 -6.0146302587476224e-05 -0.0014828361943893306 0.0010995439897887613 1.2440831151566115e-05 0.0001108730080254052 0.0016708755171566737 -0.00033185180833448992 -0.0016734146626102024 -0.00032456316425209754 -0.00075473311021490843 0.00055820820111435871 0.0011164632326524173 0.00029616765947567357 0.0018940369746732442 0.0005426499528887992 0.00029289141426286532 4.8629333325991061e-05 -0.00099523937793028557
leaf_weight=32 2129 51 28 211 27 66 22 26 25 2009 543 1083 1755 22 24 29 23 20 53 26 298 43 31 21 323 22 60 495 1759 51
leaf_count=32 2129 51 28 211 27 66 22 26 25 2009 543 1083 1755 22 24 29 23 20 53 26 298 43 31 21 323 22 60 495 1759 51
internal_value=-7.63323e-06 0.000134371 0.000119955 -5.63002e-05 -0.000381711 0.000134445 -4.68358e-05 -0.000126832 -0.000385468 -8.96929e-06 4.1708e-05 3.40103e-05 -2.52709e-05 -8.51187e-05 0.00016339 -0.000586253 0.000161626 0.000836456 -0.000669474 -0.00105535 -0.000309378 8.56611e-05 -0.000204717 0.000149218 0.000344884 0.000419481 0.000905217 0.000111633 0.000102272 -0.00042257
internal_weight=11307 2886 2835 8421 238 2778 8183 2629 500 5554 3545 3523 2416 1830 1107 57 586 43 75 51 449 100 74 2712 437 405 82 2275 2254 349
internal_count=11307 2886 2835 8421 238 2778 8183 2629 500 5554 3545 3523 2416 1830 1107 57 586 43 75 51 449 100 74 2712 437 405 82 2275 2254 349
is_linear=0
shrinkage=0.05


Tree=7
num_leaves=31
num_cat=0
split_feature=8 10 10 0 8 3 8 8 9 8 6 5 8 0 8 8 5 9 9 9 1 10 10 1 8 8 9 9 0 0
split_gain=0.0128522 0.0161266 0.0122396 0.0187726 0.0188866 0.0182707 0.0134231 0.0133421 0.0122031 0.0117837 0.0139286 0.0128656 0.0121824 0.0116219 0.0114277 0.0118745 0.014683 0.0141442 0.0100729 0.014829 0.00943006 0.00858386 0.0116196 0.0109577 0.00853208 0.00818507 0.00677647 0.0109416 0.00915265 0.00876465
threshold=0.31025929382852574 -0.97955600819194444 -0.49948872495115698 0.41801075268817206 -0.067770002391438031 1.6250000000000002 0.27692384625063787 -0.096627192817911142 0.17449376947285192 0.20539560301352824 -3713707.4988499996 -0.013956719263099479 -0.056406489308059575 0.56776556776556786 -0.34000982533219704 -0.23209897956380751 0.031703233752443404 -0.3444052731220994 -0.12483704792730298 0.028333626696093631 0.24200199758671273 -1.023034117147102 -1.0580662960479918 0.26983505655314205 -0.053009205806878783 -0.17789551965605552 -0.12135110082722932 -0.14086012663264944 0.61620294599018022 0.51285431773236667
decision_type=2 2 2 2 2 2 2 2 2 2 2 2 2 2 2 2 2 2 2 2 2 2 2 2 2 2 2 2 2 2
left_child=2 -2 3 14 7 6 9 21 -8 12 11 -11 13 -6 -1 16 17 -16 -9 -20 -21 22 -5 -23 -14 -25 27 28 -26 -28
right_child=1 -3 -4 4 5 -7 8 18 -10 10 -12 -13 24 -15 15 -17 -18 -19 19 20 -22 23 -24 25 26 -27 29 -29 -30 -31
leaf_value=-0.00061756614982519625 -0.0013519913086201996 -0.00019928887725160295 -3.7439823092166227e-05 0.00021052460236075732 -0.0015716949610214215 0.0015099595650099218 9.6940609626472001e-05 0.00038630164129874455 0.0016753801835875494 -0.00048888158829261854 -0.00087557679476417806 0.0010148584933485835 0.00111713966498861 -0.00016421386059267787 0.00019983602528923628 -4.8651935107469206e-05 -0.00023895517515484246 0.0015732353718608226 0.0022026432343409397 0.00016980664549919313 0.0015714471720275468 0.00079197186878997002 0.0017272521863165109 0.00039411693485521409 -7.2495597596534638e-05 -0.00011926619583018459 0.00039599221254855581 0.0014447767089586705 0.00054135434483130269 -4.3230991501722757e-05
leaf_weight=82 35 228 7206 28 20 22 25 65 24 33 74 25 21 55 37 1666 46 38 26 30 20 66 23 129 124 195 136 20 119 689
leaf_count=82 35 228 7206 28 20 22 25 65 24 33 74 25 21 55 37 1666 46 38 26 30 20 66 23 129 124 195 136 20 119 689
internal_value=-7.25157e-06 -0.00035269 9.74652e-07 7.30994e-05 0.000180835 8.05247e-05 5.74862e-05 0.000419892 0.000870054 2.7231e-05 -0.000420866 0.000159282 7.71878e-05 -0.000539542 -4.04011e-05 -1.39167e-05 0.000464338 0.000895692 0.000843273 0.0012341 0.000730463 0.000284526 0.000894539 0.000204755 0.000118896 8.51363e-05 9.96287e-05 0.000320636 0.000228114 2.91743e-05
internal_weight=11307 263 11044 3838 1969 1387 1365 582 49 1316 132 58 1184 75 1869 1787 121 75 141 76 50 441 51 390 1109 324 1088 263 243 825
internal_count=11307 263 11044 3838 1969 1387 1365 582 49 1316 132 58 1184 75 1869 1787 121 75 141 76 50 441 51 390 1109 324 1088 263 243 825
is_linear=0
shrinkage=0.05


Tree=8
num_leaves=31
num_cat=0
split_feature=7 10 10 3 0 1 1 4 7 9 8 1 0 0 8 1 10 10 0 9 10 10 8 10 4 7 7 1 10 7
split_gain=0.0280088 0.0141135 0.0199454 0.0160834 0.015053 0.011654 0.0119384 0.00921358 0.00991517 0.0186737 0.0106307 0.00940807 0.00877339 0.011833 0.0112068 0.0230505 0.0130375 0.00927682 0.00912766 0.00834518 0.0158792 0.013452 0.00769096 0.0125855 0.00771235 0.0167219 0.0106978 0.00772979 0.0106583 0.0198559
threshold=-0.022855055149358146 -0.48809303739641713 -1.0580662960479918 1.0000000180025095e-35 0.73499399759903972 -0.099289212997036677 0.0063678707653789255 0.014328939583606927 0.17543653470552037 -0.13370234912261494 0.061867128492552277 -0.008990993711193938 0.56776556776556786 0.59807692307692328 -0.065401228052909641 0.26236506965111833 -0.99033507608530724 -0.8621836467338192 0.52859477124183019 0.34196161693782018 -0.93151395009051308 -1.1457956710175792 0.32608352385388756 -0.83898784333644649 -0.00039437079658899416 0.10460809153920771 0.16201694460460861 0.39317664876217112 -1.131721723486997 0.02679973950734427
decision_type=2 2 2 2 2 2 2 2 2 2 2 2 2 2 2 2 2 2 2 2 2 2 2 2 2 2 2 2 2 2
left_child=1 2 -1 5 -5 -4 -7 8 22 10 -10 -11 18 -14 15 -15 -16 -17 -8 20 21 -13 24 -24 25 -2 27 28 29 -26
right_child=7 -3 3 4 -6 6 12 -9 9 11 -12 19 13 14 16 17 -18 -19 -20 -21 -22 -23 23 -25 26 -27 -28 -29 -30 -31
leaf_value=-0.00023316866199820654 -0.00011283351240432571 2.0570773908596372e-05 0.0014072485240398064 0.00058010654730651374 0.0020301324357701977 -0.00056206750438271211 0.00017615150391319734 -0.00020110520623890633 0.0012721457693260164 -0.0012954070780275238 -0.00026828237324869926 -0.00024042753705187984 0.0014171974870675645 0.0019566180916595404 -0.00086841555416218141 0.0011407274682300561 0.00027349230320849397 0.00018180213897449845 -0.00076121832761499625 0.00023493345085482455 1.3470047605761255e-05 -0.0017884374774843712 -0.0013786189031735477 -0.00013947314762524055 0.0018732871500436556 -0.0012429034675519421 0.00084922598541959662 -0.00018746942740753236 7.0806540830785718e-06 3.1656942155677826e-06
leaf_weight=208 880 1937 21 96 22 47 681 1002 24 37 21 23 28 29 28 33 233 107 27 38 52 36 27 85 22 34 37 519 4933 40
leaf_count=208 880 1937 21 96 22 47 681 1002 24 37 21 23 28 29 28 33 233 107 27 38 52 36 27 85 22 34 37 519 4933 40
internal_value=-6.88899e-06 0.000110715 0.000222643 0.000292768 0.00085045 0.000239441 0.000219223 -5.95471e-05 -3.87127e-05 -0.000360685 0.000553279 -0.000581805 0.000250716 0.000421241 0.000356388 0.000673602 0.000150989 0.000407835 0.000140404 -0.000404602 -0.000623542 -0.00118498 -2.74042e-05 -0.000438196 -2.02877e-05 -0.000154871 1.87219e-06 -3.81371e-06 1.52688e-05 0.000666757
internal_weight=11307 3497 1560 1352 118 1234 1213 7810 6808 231 45 186 1166 458 430 169 261 140 708 149 111 59 6577 112 6465 914 5551 5514 4995 62
internal_count=11307 3497 1560 1352 118 1234 1213 7810 6808 231 45 186 1166 458 430 169 261 140 708 149 111 59 6577 112 6465 914 5551 5514 4995 62
is_linear=0
shrinkage=0.05


end of trees

feature_importances:
price_mom_21d=52
price_mom_5d=43
risk_penalty=41
upside_z=36
price_mom_63d=34
consensus_z=22
inst_flow_13f=15
target_revision_30d=11
rating_mom_30d=7
insider_net_buy_90d=7
rating_mom_7d=2

parameters:
[boosting: gbdt]
[objective: regression]
[metric: rmse]
[tree_learner: serial]
[device_type: cpu]
[data_sample_strategy: bagging]
[data: ]
[valid: ]
[num_iterations: 400]
[learning_rate: 0.05]
[num_leaves: 31]
[num_threads: 0]
[seed: 0]
[deterministic: 0]
[force_col_wise: 0]
[force_row_wise: 0]
[histogram_pool_size: -1]
[max_depth: -1]
[min_data_in_leaf: 20]
[min_sum_hessian_in_leaf: 0.001]
[bagging_fraction: 0.9]
[pos_bagging_fraction: 1]
[neg_bagging_fraction: 1]
[bagging_freq: 5]
[bagging_seed: 3]
[bagging_by_query: 0]
[feature_fraction: 0.9]
[feature_fraction_bynode: 1]
[feature_fraction_seed: 2]
[extra_trees: 0]
[extra_seed: 6]
[early_stopping_round: 0]
[early_stopping_min_delta: 0]
[first_metric_only: 0]
[max_delta_step: 0]
[lambda_l1: 0]
[lambda_l2: 0]
[linear_lambda: 0]
[min_gain_to_split: 0]
[drop_rate: 0.1]
[max_drop: 50]
[skip_drop: 0.5]
[xgboost_dart_mode: 0]
[uniform_drop: 0]
[drop_seed: 4]
[top_rate: 0.2]
[other_rate: 0.1]
[min_data_per_group: 100]
[max_cat_threshold: 32]
[cat_l2: 10]
[cat_smooth: 10]
[max_cat_to_onehot: 4]
[top_k: 20]
[monotone_constraints: ]
[monotone_constraints_method: basic]
[monotone_penalty: 0]
[feature_contri: ]
[forcedsplits_filename: ]
[refit_decay_rate: 0.9]
[cegb_tradeoff: 1]
[cegb_penalty_split: 0]
[cegb_penalty_feature_lazy: ]
[cegb_penalty_feature_coupled: ]
[path_smooth: 0]
[interaction_constraints: ]
[verbosity: -1]
[saved_feature_importance_type: 0]
[use_quantized_grad: 0]
[num_grad_quant_bins: 4]
[quant_train_renew_leaf: 0]
[stochastic_rounding: 1]
[linear_tree: 0]
[max_bin: 255]
[max_bin_by_feature: ]
[min_data_in_bin: 3]
[bin_construct_sample_cnt: 200000]
[data_random_seed: 1]
[is_enable_sparse: 1]
[enable_bundle: 1]
[use_missing: 1]
[zero_as_missing: 0]
[feature_pre_filter: 1]
[pre_partition: 0]
[two_round: 0]
[header: 0]
[label_column: ]
[weight_column: ]
[group_column: ]
[ignore_column: ]
[categorical_feature: ]
[forcedbins_filename: ]
[precise_float_parser: 0]
[parser_config_file: ]
[objective_seed: 5]
[num_class: 1]
[is_unbalance: 0]
[scale_pos_weight: 1]
[sigmoid: 1]
[boost_from_average: 1]
[reg_sqrt: 0]
[alpha: 0.9]
[fair_c: 1]
[poisson_max_delta_step: 0.7]
[tweedie_variance_power: 1.5]
[lambdarank_truncation_level: 30]
[lambdarank_norm: 1]
[label_gain: ]
[lambdarank_position_bias_regularization: 0]
[eval_at: ]
[multi_error_top_k: 1]
[auc_mu_weights: ]
[num_machines: 1]
[local_listen_port: 12400]
[time_out: 120]
[machine_list_filename: ]
[machines: ]
[gpu_platform_id: -1]
[gpu_device_id: -1]
[gpu_device_id_list: ]
[gpu_use_dp: 0]
[num_gpu: 1]

end of parameters

pandas_categorical:[]
